{
 "cells": [
  {
   "cell_type": "code",
   "execution_count": 1,
   "metadata": {},
   "outputs": [
    {
     "name": "stderr",
     "output_type": "stream",
     "text": [
      "\u001b[32m\u001b[1m  Activating\u001b[22m\u001b[39m project at `~/repos/branches/ProactiveHRI.jl`\n"
     ]
    }
   ],
   "source": [
    "using Pkg\n",
    "Pkg.activate(\"..\")"
   ]
  },
  {
   "cell_type": "code",
   "execution_count": 2,
   "metadata": {},
   "outputs": [],
   "source": [
    "using Interpolations\n",
    "using MAT\n",
    "using StaticArrays\n",
    "using Parameters\n",
    "using JuMP, HiGHS, ECOS\n"
   ]
  },
  {
   "cell_type": "code",
   "execution_count": 3,
   "metadata": {},
   "outputs": [
    {
     "data": {
      "text/plain": [
       "simulate_human_social_forces (generic function with 1 method)"
      ]
     },
     "metadata": {},
     "output_type": "display_data"
    }
   ],
   "source": [
    "include(\"dynamics.jl\")\n",
    "include(\"planner.jl\")\n",
    "include(\"planner_utils.jl\")\n",
    "include(\"utils.jl\")\n",
    "include(\"plotting.jl\")\n",
    "include(\"mpc.jl\")\n",
    "include(\"sim.jl\")"
   ]
  },
  {
   "cell_type": "code",
   "execution_count": 4,
   "metadata": {},
   "outputs": [
    {
     "data": {
      "text/plain": [
       "reactive_velocity_obstacles (generic function with 1 method)"
      ]
     },
     "metadata": {},
     "output_type": "display_data"
    }
   ],
   "source": [
    "include(\"velocity_obstacles.jl\")"
   ]
  },
  {
   "cell_type": "code",
   "execution_count": 19,
   "metadata": {},
   "outputs": [
    {
     "data": {
      "text/plain": [
       "50×50×11×20×20 interpolate((::Vector{Float32},::Vector{Float32},::Vector{Float32},::Vector{Float32},::Vector{Float32}), ::Array{Float32, 5}, Gridded(Linear())) with element type Float32:\n",
       "[:, :, 1, 1, 1] =\n",
       " -1.21421   -1.18565   -1.15772   …  -1.15772   -1.18565   -1.21421\n",
       " -1.18565   -1.15649   -1.12794      -1.12794   -1.15649   -1.18565\n",
       " -1.15772   -1.12794   -1.09877      -1.09877   -1.12794   -1.15772\n",
       " -1.13045   -1.10005   -1.07023      -1.07023   -1.10005   -1.13045\n",
       " -1.10389   -1.07285   -1.04239      -1.04239   -1.07285   -1.10389\n",
       " -1.07808   -1.0464    -1.01527   …  -1.01527   -1.0464    -1.07808\n",
       " -1.05307   -1.02074   -0.98894      -0.98894   -1.02074   -1.05307\n",
       " -1.0289    -0.995925  -0.963444     -0.963444  -0.995925  -1.0289\n",
       " -1.00564   -0.972004  -0.938841     -0.938841  -0.972004  -1.00564\n",
       " -0.983322  -0.949036  -0.91519      -0.91519   -0.949036  -0.983322\n",
       "  ⋮                               ⋱                        \n",
       " -1.00564   -0.972004  -0.938841     -0.938841  -0.972004  -1.00564\n",
       " -1.0289    -0.995925  -0.963444     -0.963444  -0.995925  -1.0289\n",
       " -1.05307   -1.02074   -0.98894      -0.98894   -1.02074   -1.05307\n",
       " -1.07808   -1.0464    -1.01527      -1.01527   -1.0464    -1.07808\n",
       " -1.10389   -1.07285   -1.04239   …  -1.04239   -1.07285   -1.10389\n",
       " -1.13045   -1.10005   -1.07023      -1.07023   -1.10005   -1.13045\n",
       " -1.15772   -1.12794   -1.09877      -1.09877   -1.12794   -1.15772\n",
       " -1.18565   -1.15649   -1.12794      -1.12794   -1.15649   -1.18565\n",
       " -1.21421   -1.18565   -1.15772      -1.15772   -1.18565   -1.21421\n",
       "\n",
       "[:, :, 2, 1, 1] =\n",
       " -1.21421   -1.18565   -1.15772   …  -1.15772   -1.18565   -1.21421\n",
       " -1.18565   -1.15649   -1.12794      -1.12794   -1.15649   -1.18565\n",
       " -1.15772   -1.12794   -1.09877      -1.09877   -1.12794   -1.15772\n",
       " -1.13045   -1.10005   -1.07023      -1.07023   -1.10005   -1.13045\n",
       " -1.10389   -1.07285   -1.04239      -1.04239   -1.07285   -1.10389\n",
       " -1.07808   -1.0464    -1.01527   …  -1.01527   -1.0464    -1.07808\n",
       " -1.05307   -1.02074   -0.98894      -0.98894   -1.02074   -1.05307\n",
       " -1.0289    -0.995925  -0.963444     -0.963444  -0.995925  -1.0289\n",
       " -1.00564   -0.972004  -0.938841     -0.938841  -0.972004  -1.00564\n",
       " -0.983322  -0.949036  -0.91519      -0.91519   -0.949036  -0.983322\n",
       "  ⋮                               ⋱                        \n",
       " -1.00564   -0.972004  -0.938841     -0.938841  -0.972004  -1.00564\n",
       " -1.0289    -0.995925  -0.963444     -0.963444  -0.995925  -1.0289\n",
       " -1.05307   -1.02074   -0.98894      -0.98894   -1.02074   -1.05307\n",
       " -1.07808   -1.0464    -1.01527      -1.01527   -1.0464    -1.07808\n",
       " -1.10389   -1.07285   -1.04239   …  -1.04239   -1.07285   -1.10389\n",
       " -1.13045   -1.10005   -1.07023      -1.07023   -1.10005   -1.13045\n",
       " -1.15772   -1.12794   -1.09877      -1.09877   -1.12794   -1.15772\n",
       " -1.18565   -1.15649   -1.12794      -1.12794   -1.15649   -1.18565\n",
       " -1.21421   -1.18565   -1.15772      -1.15772   -1.18565   -1.21421\n",
       "\n",
       "[:, :, 3, 1, 1] =\n",
       " -1.21421   -1.18565   -1.15772   …  -1.15772   -1.18565   -1.21421\n",
       " -1.18565   -1.15649   -1.12794      -1.12794   -1.15649   -1.18565\n",
       " -1.15772   -1.12794   -1.09877      -1.09877   -1.12794   -1.15772\n",
       " -1.13045   -1.10005   -1.07023      -1.07023   -1.10005   -1.13045\n",
       " -1.10389   -1.07285   -1.04239      -1.04239   -1.07285   -1.10389\n",
       " -1.07808   -1.0464    -1.01527   …  -1.01527   -1.0464    -1.07808\n",
       " -1.05307   -1.02074   -0.98894      -0.98894   -1.02074   -1.05307\n",
       " -1.0289    -0.995925  -0.963444     -0.963444  -0.995925  -1.0289\n",
       " -1.00564   -0.972004  -0.938841     -0.938841  -0.972004  -1.00564\n",
       " -0.983322  -0.949036  -0.91519      -0.91519   -0.949036  -0.983322\n",
       "  ⋮                               ⋱                        \n",
       " -1.00564   -0.972004  -0.938841     -0.938841  -0.972004  -1.00564\n",
       " -1.0289    -0.995925  -0.963444     -0.963444  -0.995925  -1.0289\n",
       " -1.05307   -1.02074   -0.98894      -0.98894   -1.02074   -1.05307\n",
       " -1.07808   -1.0464    -1.01527      -1.01527   -1.0464    -1.07808\n",
       " -1.10389   -1.07285   -1.04239   …  -1.04239   -1.07285   -1.10389\n",
       " -1.13045   -1.10005   -1.07023      -1.07023   -1.10005   -1.13045\n",
       " -1.15772   -1.12794   -1.09877      -1.09877   -1.12794   -1.15772\n",
       " -1.18565   -1.15649   -1.12794      -1.12794   -1.15649   -1.18565\n",
       " -1.21421   -1.18565   -1.15772      -1.15772   -1.18565   -1.21421\n",
       "\n",
       ";;; … \n",
       "\n",
       "[:, :, 9, 1, 1] =\n",
       " -1.21421   -1.18565   -1.15772   …  -1.15772   -1.18565   -1.21421\n",
       " -1.18565   -1.15649   -1.12794      -1.12794   -1.15649   -1.18565\n",
       " -1.15772   -1.12794   -1.09877      -1.09877   -1.12794   -1.15772\n",
       " -1.13045   -1.10005   -1.07023      -1.07023   -1.10005   -1.13045\n",
       " -1.10389   -1.07285   -1.04239      -1.04239   -1.07285   -1.10389\n",
       " -1.07808   -1.0464    -1.01527   …  -1.01527   -1.0464    -1.07808\n",
       " -1.05307   -1.02074   -0.98894      -0.98894   -1.02074   -1.05307\n",
       " -1.0289    -0.995925  -0.963444     -0.963444  -0.995925  -1.0289\n",
       " -1.00564   -0.972004  -0.938841     -0.938841  -0.972004  -1.00564\n",
       " -0.983322  -0.949036  -0.91519      -0.91519   -0.949036  -0.983322\n",
       "  ⋮                               ⋱                        \n",
       " -1.00564   -0.972004  -0.938841     -0.938841  -0.972004  -1.00564\n",
       " -1.0289    -0.995925  -0.963444     -0.963444  -0.995925  -1.0289\n",
       " -1.05307   -1.02074   -0.98894      -0.98894   -1.02074   -1.05307\n",
       " -1.07808   -1.0464    -1.01527      -1.01527   -1.0464    -1.07808\n",
       " -1.10389   -1.07285   -1.04239   …  -1.04239   -1.07285   -1.10389\n",
       " -1.13045   -1.10005   -1.07023      -1.07023   -1.10005   -1.13045\n",
       " -1.15772   -1.12794   -1.09877      -1.09877   -1.12794   -1.15772\n",
       " -1.18565   -1.15649   -1.12794      -1.12794   -1.15649   -1.18565\n",
       " -1.21421   -1.18565   -1.15772      -1.15772   -1.18565   -1.21421\n",
       "\n",
       "[:, :, 10, 1, 1] =\n",
       " -1.21421   -1.18565   -1.15772   …  -1.15772   -1.18565   -1.21421\n",
       " -1.18565   -1.15649   -1.12794      -1.12794   -1.15649   -1.18565\n",
       " -1.15772   -1.12794   -1.09877      -1.09877   -1.12794   -1.15772\n",
       " -1.13045   -1.10005   -1.07023      -1.07023   -1.10005   -1.13045\n",
       " -1.10389   -1.07285   -1.04239      -1.04239   -1.07285   -1.10389\n",
       " -1.07808   -1.0464    -1.01527   …  -1.01527   -1.0464    -1.07808\n",
       " -1.05307   -1.02074   -0.98894      -0.98894   -1.02074   -1.05307\n",
       " -1.0289    -0.995925  -0.963444     -0.963444  -0.995925  -1.0289\n",
       " -1.00564   -0.972004  -0.938841     -0.938841  -0.972004  -1.00564\n",
       " -0.983322  -0.949036  -0.91519      -0.91519   -0.949036  -0.983322\n",
       "  ⋮                               ⋱                        \n",
       " -1.00564   -0.972004  -0.938841     -0.938841  -0.972004  -1.00564\n",
       " -1.0289    -0.995925  -0.963444     -0.963444  -0.995925  -1.0289\n",
       " -1.05307   -1.02074   -0.98894      -0.98894   -1.02074   -1.05307\n",
       " -1.07808   -1.0464    -1.01527      -1.01527   -1.0464    -1.07808\n",
       " -1.10389   -1.07285   -1.04239   …  -1.04239   -1.07285   -1.10389\n",
       " -1.13045   -1.10005   -1.07023      -1.07023   -1.10005   -1.13045\n",
       " -1.15772   -1.12794   -1.09877      -1.09877   -1.12794   -1.15772\n",
       " -1.18565   -1.15649   -1.12794      -1.12794   -1.15649   -1.18565\n",
       " -1.21421   -1.18565   -1.15772      -1.15772   -1.18565   -1.21421\n",
       "\n",
       "[:, :, 11, 1, 1] =\n",
       " -1.21421   -1.18565   -1.15772   …  -1.15772   -1.18565   -1.21421\n",
       " -1.18565   -1.15649   -1.12794      -1.12794   -1.15649   -1.18565\n",
       " -1.15772   -1.12794   -1.09877      -1.09877   -1.12794   -1.15772\n",
       " -1.13045   -1.10005   -1.07023      -1.07023   -1.10005   -1.13045\n",
       " -1.10389   -1.07285   -1.04239      -1.04239   -1.07285   -1.10389\n",
       " -1.07808   -1.0464    -1.01527   …  -1.01527   -1.0464    -1.07808\n",
       " -1.05307   -1.02074   -0.98894      -0.98894   -1.02074   -1.05307\n",
       " -1.0289    -0.995925  -0.963444     -0.963444  -0.995925  -1.0289\n",
       " -1.00564   -0.972004  -0.938841     -0.938841  -0.972004  -1.00564\n",
       " -0.983322  -0.949036  -0.91519      -0.91519   -0.949036  -0.983322\n",
       "  ⋮                               ⋱                        \n",
       " -1.00564   -0.972004  -0.938841     -0.938841  -0.972004  -1.00564\n",
       " -1.0289    -0.995925  -0.963444     -0.963444  -0.995925  -1.0289\n",
       " -1.05307   -1.02074   -0.98894      -0.98894   -1.02074   -1.05307\n",
       " -1.07808   -1.0464    -1.01527      -1.01527   -1.0464    -1.07808\n",
       " -1.10389   -1.07285   -1.04239   …  -1.04239   -1.07285   -1.10389\n",
       " -1.13045   -1.10005   -1.07023      -1.07023   -1.10005   -1.13045\n",
       " -1.15772   -1.12794   -1.09877      -1.09877   -1.12794   -1.15772\n",
       " -1.18565   -1.15649   -1.12794      -1.12794   -1.15649   -1.18565\n",
       " -1.21421   -1.18565   -1.15772      -1.15772   -1.18565   -1.21421\n",
       "\n",
       "[:, :, 1, 2, 1] =\n",
       " -1.22085   -1.19242   -1.16464   …  -1.16464   -1.19242   -1.22085\n",
       " -1.19226   -1.16324   -1.13483      -1.13483   -1.16324   -1.19226\n",
       " -1.16415   -1.13452   -1.10549      -1.10549   -1.13452   -1.16415\n",
       " -1.13672   -1.10646   -1.0768       -1.0768    -1.10646   -1.13672\n",
       " -1.10999   -1.0791    -1.04879      -1.04879   -1.0791    -1.10999\n",
       " -1.084     -1.05247   -1.0215    …  -1.0215    -1.05247   -1.084\n",
       " -1.0588    -1.02663   -0.99498      -0.99498   -1.02663   -1.0588\n",
       " -1.03444   -1.00161   -0.969286     -0.969286  -1.00161   -1.03444\n",
       " -1.01096   -0.977475  -0.94447      -0.94447   -0.977475  -1.01096\n",
       " -0.988415  -0.95428   -0.920593     -0.920593  -0.95428   -0.988415\n",
       "  ⋮                               ⋱                        \n",
       " -1.00564   -0.972004  -0.938841     -0.938841  -0.972004  -1.00564\n",
       " -1.0289    -0.995925  -0.963444     -0.963444  -0.995925  -1.0289\n",
       " -1.05307   -1.02074   -0.98894      -0.98894   -1.02074   -1.05307\n",
       " -1.07808   -1.0464    -1.01527      -1.01527   -1.0464    -1.07808\n",
       " -1.10389   -1.07285   -1.04239   …  -1.04239   -1.07285   -1.10389\n",
       " -1.13045   -1.10005   -1.07023      -1.07023   -1.10005   -1.13045\n",
       " -1.15772   -1.12794   -1.09877      -1.09877   -1.12794   -1.15772\n",
       " -1.18565   -1.15649   -1.12794      -1.12794   -1.15649   -1.18565\n",
       " -1.21421   -1.18565   -1.15772      -1.15772   -1.18565   -1.21421\n",
       "\n",
       "[:, :, 2, 2, 1] =\n",
       " -1.22215   -1.19371   -1.16585   …  -1.1621    -1.18986   -1.21827\n",
       " -1.19361   -1.16457   -1.13609      -1.13226   -1.16063   -1.18965\n",
       " -1.16556   -1.1359    -1.10681      -1.10289   -1.13189   -1.16151\n",
       " -1.13818   -1.10791   -1.07818      -1.07417   -1.10381   -1.13405\n",
       " -1.11151   -1.08061   -1.05022      -1.04613   -1.07642   -1.1073\n",
       " -1.08559   -1.05404   -1.023     …  -1.01881   -1.04976   -1.08128\n",
       " -1.06045   -1.02825   -0.996544     -0.992262  -1.02389   -1.05605\n",
       " -1.03615   -1.0033    -0.970915     -0.966539  -0.998841  -1.03166\n",
       " -1.01273   -0.979228  -0.946167     -0.941696  -0.974682  -1.00816\n",
       " -0.990257  -0.9561    -0.922359     -0.917793  -0.951463  -0.985595\n",
       "  ⋮                               ⋱                        \n",
       " -1.00564   -0.972004  -0.938841     -0.938841  -0.972004  -1.00564\n",
       " -1.0289    -0.995925  -0.963444     -0.963444  -0.995925  -1.0289\n",
       " -1.05307   -1.02074   -0.98894      -0.98894   -1.02074   -1.05307\n",
       " -1.07808   -1.0464    -1.01527      -1.01527   -1.0464    -1.07808\n",
       " -1.10389   -1.07285   -1.04239   …  -1.04239   -1.07285   -1.10389\n",
       " -1.13045   -1.10005   -1.07023      -1.07023   -1.10005   -1.13045\n",
       " -1.15772   -1.12794   -1.09877      -1.09877   -1.12794   -1.15772\n",
       " -1.18565   -1.15649   -1.12794      -1.12794   -1.15649   -1.18565\n",
       " -1.21421   -1.18565   -1.15772      -1.15772   -1.18565   -1.21421\n",
       "\n",
       "[:, :, 3, 2, 1] =\n",
       " -1.2217    -1.19322   -1.16529   …  -1.15921   -1.18698   -1.21541\n",
       " -1.19319   -1.1641    -1.13556      -1.12935   -1.15773   -1.18677\n",
       " -1.1652    -1.1355    -1.10634      -1.09999   -1.129     -1.15865\n",
       " -1.13789   -1.10758   -1.07778      -1.07128   -1.10093   -1.1312\n",
       " -1.11129   -1.08035   -1.04989      -1.04326   -1.07356   -1.10446\n",
       " -1.08544   -1.05385   -1.02274   …  -1.01595   -1.04692   -1.07847\n",
       " -1.06037   -1.02813   -0.996361     -0.989424  -1.02106   -1.05326\n",
       " -1.03615   -1.00326   -0.970811     -0.963723  -0.996037  -1.0289\n",
       " -1.01282   -0.979271  -0.946145     -0.938896  -0.972004  -1.00564\n",
       " -0.990424  -0.956226  -0.922422     -0.91519   -0.949036  -0.983322\n",
       "  ⋮                               ⋱                        \n",
       " -1.00591   -0.972164  -0.938841     -0.938841  -0.972004  -1.00564\n",
       " -1.02896   -0.995925  -0.963444     -0.963444  -0.995925  -1.0289\n",
       " -1.05307   -1.02074   -0.98894      -0.98894   -1.02074   -1.05307\n",
       " -1.07808   -1.0464    -1.01527      -1.01527   -1.0464    -1.07808\n",
       " -1.10389   -1.07285   -1.04239   …  -1.04239   -1.07285   -1.10389\n",
       " -1.13045   -1.10005   -1.07023      -1.07023   -1.10005   -1.13045\n",
       " -1.15772   -1.12794   -1.09877      -1.09877   -1.12794   -1.15772\n",
       " -1.18565   -1.15649   -1.12794      -1.12794   -1.15649   -1.18565\n",
       " -1.21421   -1.18565   -1.15772      -1.15772   -1.18565   -1.21421\n",
       "\n",
       ";;; … \n",
       "\n",
       "[:, :, 9, 2, 1] =\n",
       " -1.21541   -1.18698   -1.15921   …  -1.16529   -1.19322   -1.2217\n",
       " -1.18677   -1.15773   -1.12935      -1.13556   -1.1641    -1.19319\n",
       " -1.15865   -1.129     -1.09999      -1.10634   -1.1355    -1.1652\n",
       " -1.1312    -1.10093   -1.07128      -1.07778   -1.10758   -1.13789\n",
       " -1.10446   -1.07356   -1.04326      -1.04989   -1.08035   -1.11129\n",
       " -1.07847   -1.04692   -1.01595   …  -1.02274   -1.05385   -1.08544\n",
       " -1.05326   -1.02106   -0.989424     -0.996361  -1.02813   -1.06037\n",
       " -1.0289    -0.996037  -0.963723     -0.970811  -1.00326   -1.03615\n",
       " -1.00564   -0.972004  -0.938896     -0.946145  -0.97927   -1.01282\n",
       " -0.983322  -0.949036  -0.91519      -0.922422  -0.956226  -0.990424\n",
       "  ⋮                               ⋱                        \n",
       " -1.00564   -0.972004  -0.938841     -0.938841  -0.972164  -1.00591\n",
       " -1.0289    -0.995925  -0.963444     -0.963444  -0.995925  -1.02896\n",
       " -1.05307   -1.02074   -0.98894      -0.98894   -1.02074   -1.05307\n",
       " -1.07808   -1.0464    -1.01527      -1.01527   -1.0464    -1.07808\n",
       " -1.10389   -1.07285   -1.04239   …  -1.04239   -1.07285   -1.10389\n",
       " -1.13045   -1.10005   -1.07023      -1.07023   -1.10005   -1.13045\n",
       " -1.15772   -1.12794   -1.09877      -1.09877   -1.12794   -1.15772\n",
       " -1.18565   -1.15649   -1.12794      -1.12794   -1.15649   -1.18565\n",
       " -1.21421   -1.18565   -1.15772      -1.15772   -1.18565   -1.21421\n",
       "\n",
       "[:, :, 10, 2, 1] =\n",
       " -1.21827   -1.18986   -1.1621    …  -1.16585   -1.19371   -1.22215\n",
       " -1.18965   -1.16063   -1.13226      -1.13609   -1.16457   -1.19361\n",
       " -1.16151   -1.13189   -1.10289      -1.10681   -1.1359    -1.16556\n",
       " -1.13405   -1.10381   -1.07417      -1.07818   -1.10791   -1.13818\n",
       " -1.1073    -1.07642   -1.04613      -1.05022   -1.08061   -1.11151\n",
       " -1.08128   -1.04976   -1.01881   …  -1.023     -1.05404   -1.08559\n",
       " -1.05605   -1.02389   -0.992262     -0.996544  -1.02825   -1.06045\n",
       " -1.03166   -0.998841  -0.966539     -0.970915  -1.0033    -1.03615\n",
       " -1.00816   -0.974682  -0.941696     -0.946167  -0.979228  -1.01273\n",
       " -0.985595  -0.951463  -0.917793     -0.922359  -0.9561    -0.990257\n",
       "  ⋮                               ⋱                        \n",
       " -1.00564   -0.972004  -0.938841     -0.938841  -0.972004  -1.00564\n",
       " -1.0289    -0.995925  -0.963444     -0.963444  -0.995925  -1.0289\n",
       " -1.05307   -1.02074   -0.98894      -0.98894   -1.02074   -1.05307\n",
       " -1.07808   -1.0464    -1.01527      -1.01527   -1.0464    -1.07808\n",
       " -1.10389   -1.07285   -1.04239   …  -1.04239   -1.07285   -1.10389\n",
       " -1.13045   -1.10005   -1.07023      -1.07023   -1.10005   -1.13045\n",
       " -1.15772   -1.12794   -1.09877      -1.09877   -1.12794   -1.15772\n",
       " -1.18565   -1.15649   -1.12794      -1.12794   -1.15649   -1.18565\n",
       " -1.21421   -1.18565   -1.15772      -1.15772   -1.18565   -1.21421\n",
       "\n",
       "[:, :, 11, 2, 1] =\n",
       " -1.22085   -1.19242   -1.16464   …  -1.16464   -1.19242   -1.22085\n",
       " -1.19226   -1.16324   -1.13483      -1.13483   -1.16324   -1.19226\n",
       " -1.16415   -1.13452   -1.10549      -1.10549   -1.13452   -1.16415\n",
       " -1.13672   -1.10646   -1.0768       -1.0768    -1.10646   -1.13672\n",
       " -1.10999   -1.0791    -1.04879      -1.04879   -1.0791    -1.10999\n",
       " -1.084     -1.05247   -1.0215    …  -1.0215    -1.05247   -1.084\n",
       " -1.0588    -1.02663   -0.99498      -0.99498   -1.02663   -1.0588\n",
       " -1.03444   -1.00161   -0.969286     -0.969286  -1.00161   -1.03444\n",
       " -1.01096   -0.977475  -0.94447      -0.94447   -0.977475  -1.01096\n",
       " -0.988415  -0.95428   -0.920593     -0.920593  -0.95428   -0.988415\n",
       "  ⋮                               ⋱                        \n",
       " -1.00564   -0.972004  -0.938841     -0.938841  -0.972004  -1.00564\n",
       " -1.0289    -0.995925  -0.963444     -0.963444  -0.995925  -1.0289\n",
       " -1.05307   -1.02074   -0.98894      -0.98894   -1.02074   -1.05307\n",
       " -1.07808   -1.0464    -1.01527      -1.01527   -1.0464    -1.07808\n",
       " -1.10389   -1.07285   -1.04239   …  -1.04239   -1.07285   -1.10389\n",
       " -1.13045   -1.10005   -1.07023      -1.07023   -1.10005   -1.13045\n",
       " -1.15772   -1.12794   -1.09877      -1.09877   -1.12794   -1.15772\n",
       " -1.18565   -1.15649   -1.12794      -1.12794   -1.15649   -1.18565\n",
       " -1.21421   -1.18565   -1.15772      -1.15772   -1.18565   -1.21421\n",
       "\n",
       "[:, :, 1, 3, 1] =\n",
       " -1.2696   -1.24221   -1.21546   -1.1894    …  -1.21546   -1.24221   -1.2696\n",
       " -1.24094  -1.21294   -1.18558   -1.1589       -1.18558   -1.21294   -1.24094\n",
       " -1.21229  -1.18369   -1.15572   -1.12841      -1.15572   -1.18369   -1.21229\n",
       " -1.18385  -1.15464   -1.12605   -1.09811      -1.12605   -1.15464   -1.18385\n",
       " -1.15592  -1.1261    -1.09688   -1.06831      -1.09688   -1.1261    -1.15592\n",
       " -1.12868  -1.09824   -1.06838   -1.03915   …  -1.06838   -1.09824   -1.12868\n",
       " -1.10217  -1.07109   -1.04058   -1.01067      -1.04058   -1.07109   -1.10217\n",
       " -1.07641  -1.04469   -1.01352   -0.982927     -1.01352   -1.04469   -1.07641\n",
       " -1.05145  -1.01909   -0.987238  -0.955953     -0.987238  -1.01909   -1.05145\n",
       " -1.02735  -0.994324  -0.961798  -0.929811     -0.961798  -0.994324  -1.02735\n",
       "  ⋮                                         ⋱                        \n",
       " -1.00564  -0.972004  -0.938841  -0.90619      -0.938841  -0.972004  -1.00564\n",
       " -1.0289   -0.995925  -0.963444  -0.931503     -0.963444  -0.995925  -1.0289\n",
       " -1.05307  -1.02074   -0.98894   -0.957702     -0.98894   -1.02074   -1.05307\n",
       " -1.07808  -1.0464    -1.01527   -0.984729     -1.01527   -1.0464    -1.07808\n",
       " -1.10389  -1.07285   -1.04239   -1.01253   …  -1.04239   -1.07285   -1.10389\n",
       " -1.13045  -1.10005   -1.07023   -1.04104      -1.07023   -1.10005   -1.13045\n",
       " -1.15772  -1.12794   -1.09877   -1.07023      -1.09877   -1.12794   -1.15772\n",
       " -1.18565  -1.15649   -1.12794   -1.10005      -1.12794   -1.15649   -1.18565\n",
       " -1.21421  -1.18565   -1.15772   -1.13045      -1.15772   -1.18565   -1.21421\n",
       "\n",
       "[:, :, 2, 3, 1] =\n",
       " -1.27997  -1.2524    -1.22515   -1.19855   …  -1.19498   -1.22144   -1.24872\n",
       " -1.25165  -1.22348   -1.19562   -1.16841      -1.16475   -1.19183   -1.21972\n",
       " -1.22336  -1.19459   -1.16612   -1.1383       -1.13455   -1.16225   -1.19074\n",
       " -1.19532  -1.16595   -1.13688   -1.10843      -1.10459   -1.13292   -1.16202\n",
       " -1.16787  -1.13788   -1.10818   -1.0791       -1.07517   -1.10414   -1.13386\n",
       " -1.14112  -1.1105    -1.08017   -1.05044   …  -1.04643   -1.07604   -1.1064\n",
       " -1.1151   -1.08385   -1.05288   -1.02249      -1.01838   -1.04866   -1.07966\n",
       " -1.08986  -1.05796   -1.02634   -0.995271     -0.991069  -1.02203   -1.05368\n",
       " -1.06542  -1.03288   -1.0006    -0.968845     -0.964548  -0.996196  -1.0285\n",
       " -1.04185  -1.00865   -0.975707  -0.943267     -0.938873  -0.971215  -1.00419\n",
       "  ⋮                                         ⋱                        \n",
       " -1.00564  -0.972004  -0.938841  -0.90619      -0.938841  -0.972004  -1.00564\n",
       " -1.0289   -0.995925  -0.963444  -0.931503     -0.963444  -0.995925  -1.0289\n",
       " -1.05307  -1.02074   -0.98894   -0.957702     -0.98894   -1.02074   -1.05307\n",
       " -1.07808  -1.0464    -1.01527   -0.984729     -1.01527   -1.0464    -1.07808\n",
       " -1.10389  -1.07285   -1.04239   -1.01253   …  -1.04239   -1.07285   -1.10389\n",
       " -1.13045  -1.10005   -1.07023   -1.04104      -1.07023   -1.10005   -1.13045\n",
       " -1.15772  -1.12794   -1.09877   -1.07023      -1.09877   -1.12794   -1.15772\n",
       " -1.18565  -1.15649   -1.12794   -1.10005      -1.12794   -1.15649   -1.18565\n",
       " -1.21421  -1.18565   -1.15772   -1.13045      -1.15772   -1.18565   -1.21421\n",
       "\n",
       "[:, :, 3, 3, 1] =\n",
       " -1.27607  -1.24819   -1.22049   …  -1.17112   -1.19763   -1.22504\n",
       " -1.24796  -1.21948   -1.19118      -1.14068   -1.16781   -1.19583\n",
       " -1.21996  -1.19088   -1.16197      -1.11033   -1.13808   -1.16671\n",
       " -1.19239  -1.16269   -1.13318      -1.08038   -1.10877   -1.13801\n",
       " -1.16549  -1.13517   -1.10504      -1.05106   -1.08009   -1.10997\n",
       " -1.13932  -1.10837   -1.0776    …  -1.02241   -1.05211   -1.08262\n",
       " -1.11389  -1.08231   -1.05089      -0.994465  -1.02485   -1.05604\n",
       " -1.08926  -1.05703   -1.02496      -0.967306  -0.998382  -1.03016\n",
       " -1.06546  -1.03258   -0.999857     -0.940926  -0.972665  -1.00564\n",
       " -1.04256  -1.00902   -0.975637     -0.915416  -0.949036  -0.983322\n",
       "  ⋮                              ⋱                        \n",
       " -1.00934  -0.974805  -0.94036      -0.938841  -0.972004  -1.00564\n",
       " -1.03073  -0.996841  -0.963444     -0.963444  -0.995925  -1.0289\n",
       " -1.0531   -1.02074   -0.98894      -0.98894   -1.02074   -1.05307\n",
       " -1.07808  -1.0464    -1.01527      -1.01527   -1.0464    -1.07808\n",
       " -1.10389  -1.07285   -1.04239   …  -1.04239   -1.07285   -1.10389\n",
       " -1.13045  -1.10005   -1.07023      -1.07023   -1.10005   -1.13045\n",
       " -1.15772  -1.12794   -1.09877      -1.09877   -1.12794   -1.15772\n",
       " -1.18565  -1.15649   -1.12794      -1.12794   -1.15649   -1.18565\n",
       " -1.21421  -1.18565   -1.15772      -1.15772   -1.18565   -1.21421\n",
       "\n",
       ";;; … \n",
       "\n",
       "[:, :, 9, 3, 1] =\n",
       " -1.22504   -1.19763   -1.17112   …  -1.22049   -1.24819   -1.27607\n",
       " -1.19583   -1.16781   -1.14068      -1.19118   -1.21948   -1.24796\n",
       " -1.16671   -1.13808   -1.11033      -1.16197   -1.19088   -1.21996\n",
       " -1.13801   -1.10877   -1.08038      -1.13318   -1.16269   -1.19239\n",
       " -1.10997   -1.08009   -1.05106      -1.10504   -1.13517   -1.16549\n",
       " -1.08262   -1.05211   -1.02241   …  -1.0776    -1.10837   -1.13932\n",
       " -1.05604   -1.02485   -0.994465     -1.05089   -1.08231   -1.11389\n",
       " -1.03016   -0.998382  -0.967307     -1.02496   -1.05703   -1.08926\n",
       " -1.00564   -0.972665  -0.940926     -0.999857  -1.03258   -1.06546\n",
       " -0.983322  -0.949036  -0.915416     -0.975637  -1.00902   -1.04256\n",
       "  ⋮                               ⋱                        \n",
       " -1.00564   -0.972004  -0.938841     -0.94036   -0.974805  -1.00934\n",
       " -1.0289    -0.995925  -0.963444     -0.963444  -0.996841  -1.03073\n",
       " -1.05307   -1.02074   -0.98894      -0.98894   -1.02074   -1.0531\n",
       " -1.07808   -1.0464    -1.01527      -1.01527   -1.0464    -1.07808\n",
       " -1.10389   -1.07285   -1.04239   …  -1.04239   -1.07285   -1.10389\n",
       " -1.13045   -1.10005   -1.07023      -1.07023   -1.10005   -1.13045\n",
       " -1.15772   -1.12794   -1.09877      -1.09877   -1.12794   -1.15772\n",
       " -1.18565   -1.15649   -1.12794      -1.12794   -1.15649   -1.18565\n",
       " -1.21421   -1.18565   -1.15772      -1.15772   -1.18565   -1.21421\n",
       "\n",
       "[:, :, 10, 3, 1] =\n",
       " -1.24872  -1.22144   -1.19498   -1.1692    …  -1.22515   -1.2524    -1.27997\n",
       " -1.21972  -1.19183   -1.16475   -1.13834      -1.19562   -1.22348   -1.25165\n",
       " -1.19074  -1.16225   -1.13455   -1.10751      -1.16612   -1.19459   -1.22336\n",
       " -1.16202  -1.13292   -1.10459   -1.07692      -1.13688   -1.16595   -1.19532\n",
       " -1.13386  -1.10414   -1.07517   -1.04686      -1.10818   -1.13788   -1.16787\n",
       " -1.1064   -1.07604   -1.04643   -1.01744   …  -1.08018   -1.1105    -1.14112\n",
       " -1.07966  -1.04866   -1.01838   -0.98871      -1.05288   -1.08385   -1.1151\n",
       " -1.05368  -1.02203   -0.991069  -0.960702     -1.02634   -1.05796   -1.08986\n",
       " -1.0285   -0.996196  -0.964548  -0.933471     -1.0006    -1.03288   -1.06542\n",
       " -1.00419  -0.971215  -0.938873  -0.907075     -0.975707  -1.00865   -1.04185\n",
       "  ⋮                                         ⋱                        \n",
       " -1.00564  -0.972004  -0.938841  -0.90619      -0.938841  -0.972004  -1.00564\n",
       " -1.0289   -0.995925  -0.963444  -0.931503     -0.963444  -0.995925  -1.0289\n",
       " -1.05307  -1.02074   -0.98894   -0.957702     -0.98894   -1.02074   -1.05307\n",
       " -1.07808  -1.0464    -1.01527   -0.984729     -1.01527   -1.0464    -1.07808\n",
       " -1.10389  -1.07285   -1.04239   -1.01253   …  -1.04239   -1.07285   -1.10389\n",
       " -1.13045  -1.10005   -1.07023   -1.04104      -1.07023   -1.10005   -1.13045\n",
       " -1.15772  -1.12794   -1.09877   -1.07023      -1.09877   -1.12794   -1.15772\n",
       " -1.18565  -1.15649   -1.12794   -1.10005      -1.12794   -1.15649   -1.18565\n",
       " -1.21421  -1.18565   -1.15772   -1.13045      -1.15772   -1.18565   -1.21421\n",
       "\n",
       "[:, :, 11, 3, 1] =\n",
       " -1.2696   -1.24221   -1.21546   -1.1894    …  -1.21546   -1.24221   -1.2696\n",
       " -1.24094  -1.21294   -1.18558   -1.1589       -1.18558   -1.21294   -1.24094\n",
       " -1.21229  -1.18369   -1.15572   -1.12841      -1.15572   -1.18369   -1.21229\n",
       " -1.18385  -1.15464   -1.12605   -1.09811      -1.12605   -1.15464   -1.18385\n",
       " -1.15592  -1.1261    -1.09688   -1.06831      -1.09688   -1.1261    -1.15592\n",
       " -1.12868  -1.09824   -1.06838   -1.03915   …  -1.06838   -1.09824   -1.12868\n",
       " -1.10217  -1.07109   -1.04058   -1.01067      -1.04058   -1.07109   -1.10217\n",
       " -1.07641  -1.04469   -1.01352   -0.982927     -1.01352   -1.04469   -1.07641\n",
       " -1.05145  -1.01909   -0.987238  -0.955953     -0.987238  -1.01909   -1.05145\n",
       " -1.02735  -0.994324  -0.961798  -0.929811     -0.961798  -0.994324  -1.02735\n",
       "  ⋮                                         ⋱                        \n",
       " -1.00564  -0.972004  -0.938841  -0.90619      -0.938841  -0.972004  -1.00564\n",
       " -1.0289   -0.995925  -0.963444  -0.931503     -0.963444  -0.995925  -1.0289\n",
       " -1.05307  -1.02074   -0.98894   -0.957702     -0.98894   -1.02074   -1.05307\n",
       " -1.07808  -1.0464    -1.01527   -0.984729     -1.01527   -1.0464    -1.07808\n",
       " -1.10389  -1.07285   -1.04239   -1.01253   …  -1.04239   -1.07285   -1.10389\n",
       " -1.13045  -1.10005   -1.07023   -1.04104      -1.07023   -1.10005   -1.13045\n",
       " -1.15772  -1.12794   -1.09877   -1.07023      -1.09877   -1.12794   -1.15772\n",
       " -1.18565  -1.15649   -1.12794   -1.10005      -1.12794   -1.15649   -1.18565\n",
       " -1.21421  -1.18565   -1.15772   -1.13045      -1.15772   -1.18565   -1.21421\n",
       "\n",
       ";;;; … \n",
       "\n",
       "[:, :, 1, 18, 1] =\n",
       " -2.0013   -1.98923   -1.97815   -1.96799   …  -1.97811   -1.98922   -2.0013\n",
       " -1.97264  -1.95997   -1.94828   -1.9375       -1.94824   -1.95996   -1.97264\n",
       " -1.94398  -1.93071   -1.91841   -1.907        -1.91837   -1.93071   -1.94398\n",
       " -1.91532  -1.90145   -1.88854   -1.87651      -1.8885    -1.90145   -1.91532\n",
       " -1.88667  -1.87219   -1.85866   -1.84601      -1.85863   -1.87219   -1.88667\n",
       " -1.85801  -1.84294   -1.82879   -1.81552   …  -1.82876   -1.84293   -1.85801\n",
       " -1.82935  -1.81368   -1.79892   -1.78502      -1.79889   -1.81367   -1.82935\n",
       " -1.80069  -1.78442   -1.76904   -1.75453      -1.76902   -1.78441   -1.80069\n",
       " -1.77203  -1.75516   -1.73917   -1.72403      -1.73915   -1.75516   -1.77203\n",
       " -1.74337  -1.7259    -1.7093    -1.69354      -1.70928   -1.7259    -1.74337\n",
       "  ⋮                                         ⋱                        \n",
       " -1.00564  -0.972004  -0.938841  -0.90619      -0.938841  -0.972004  -1.00564\n",
       " -1.0289   -0.995925  -0.963444  -0.931503     -0.963444  -0.995925  -1.0289\n",
       " -1.05307  -1.02074   -0.98894   -0.957702     -0.98894   -1.02074   -1.05307\n",
       " -1.07808  -1.0464    -1.01527   -0.984729     -1.01527   -1.0464    -1.07808\n",
       " -1.10389  -1.07285   -1.04239   -1.01253   …  -1.04239   -1.07285   -1.10389\n",
       " -1.13045  -1.10005   -1.07023   -1.04104      -1.07023   -1.10005   -1.13045\n",
       " -1.15772  -1.12794   -1.09877   -1.07023      -1.09877   -1.12794   -1.15772\n",
       " -1.18565  -1.15649   -1.12794   -1.10005      -1.12794   -1.15649   -1.18565\n",
       " -1.21421  -1.18565   -1.15772   -1.13045      -1.15772   -1.18565   -1.21421\n",
       "\n",
       "[:, :, 2, 18, 1] =\n",
       " -2.03701  -2.02326  -2.0095   -1.99574  …  -1.83155   -1.83676   -1.84331\n",
       " -2.0132   -1.99884  -1.98449  -1.97013     -1.79649   -1.80234   -1.80954\n",
       " -1.98938  -1.97443  -1.95947  -1.94452     -1.76143   -1.76793   -1.77578\n",
       " -1.96557  -1.95001  -1.93446  -1.9189      -1.72637   -1.73351   -1.74201\n",
       " -1.94175  -1.9256   -1.90945  -1.89329     -1.69131   -1.6991    -1.70825\n",
       " -1.91794  -1.90119  -1.88444  -1.86768  …  -1.65625   -1.66468   -1.67448\n",
       " -1.89412  -1.87677  -1.85942  -1.84207     -1.6212    -1.63026   -1.64071\n",
       " -1.87031  -1.85236  -1.83441  -1.81646     -1.58614   -1.59585   -1.60695\n",
       " -1.8465   -1.82795  -1.8094   -1.79084     -1.55108   -1.56143   -1.57318\n",
       " -1.82268  -1.80353  -1.78438  -1.76523     -1.51602   -1.52702   -1.53942\n",
       "  ⋮                                      ⋱                        \n",
       " -1.16795  -1.12934  -1.09074  -1.05213     -0.938841  -0.972004  -1.00564\n",
       " -1.15933  -1.12022  -1.08114  -1.04209     -0.963444  -0.995925  -1.0289\n",
       " -1.15175  -1.11228  -1.0728   -1.03329     -0.98894   -1.02074   -1.05307\n",
       " -1.14537  -1.10544  -1.06554  -1.02567     -1.01527   -1.0464    -1.07808\n",
       " -1.13999  -1.09977  -1.05969  -1.02019  …  -1.04239   -1.07285   -1.10389\n",
       " -1.13622  -1.10047  -1.07023  -1.04104     -1.07023   -1.10005   -1.13045\n",
       " -1.15772  -1.12794  -1.09877  -1.07023     -1.09877   -1.12794   -1.15772\n",
       " -1.18565  -1.15649  -1.12794  -1.10005     -1.12794   -1.15649   -1.18565\n",
       " -1.21421  -1.18565  -1.15772  -1.13045     -1.15772   -1.18565   -1.21421\n",
       "\n",
       "[:, :, 3, 18, 1] =\n",
       " -1.96251  -1.94465  -1.92679  -1.90892  …  -1.55543   -1.56089   -1.56755\n",
       " -1.9417   -1.92323  -1.90477  -1.8863      -1.5174    -1.5234    -1.53066\n",
       " -1.92088  -1.90182  -1.88275  -1.86369     -1.47936   -1.48592   -1.49376\n",
       " -1.90007  -1.8804   -1.86074  -1.84107     -1.44133   -1.44843   -1.45686\n",
       " -1.87925  -1.85899  -1.83872  -1.81846     -1.4033    -1.41095   -1.41996\n",
       " -1.85843  -1.83757  -1.8167   -1.79584  …  -1.36526   -1.37346   -1.38307\n",
       " -1.83761  -1.81615  -1.79469  -1.77323     -1.32723   -1.33598   -1.34617\n",
       " -1.8168   -1.79474  -1.77267  -1.75061     -1.2892    -1.29849   -1.30927\n",
       " -1.79598  -1.77332  -1.75066  -1.728       -1.25117   -1.26101   -1.27238\n",
       " -1.77516  -1.7519   -1.72864  -1.70538     -1.21313   -1.22352   -1.23548\n",
       "  ⋮                                      ⋱                        \n",
       " -1.33392  -1.29318  -1.25244  -1.2117      -0.938841  -0.972004  -1.00564\n",
       " -1.33318  -1.29237  -1.25156  -1.21075     -0.963444  -0.995925  -1.0289\n",
       " -1.33319  -1.29239  -1.25158  -1.21078     -0.98894   -1.02074   -1.05307\n",
       " -1.334    -1.29325  -1.25251  -1.21177     -1.01527   -1.0464    -1.07808\n",
       " -1.33553  -1.29494  -1.25434  -1.21375  …  -1.04239   -1.07285   -1.10389\n",
       " -1.33784  -1.29744  -1.25705  -1.21666     -1.07023   -1.10005   -1.13045\n",
       " -1.34103  -1.30091  -1.26078  -1.22066     -1.09877   -1.12794   -1.15772\n",
       " -1.34494  -1.30514  -1.26534  -1.22555     -1.12794   -1.15649   -1.18565\n",
       " -1.35024  -1.31083  -1.27141  -1.232       -1.15772   -1.18565   -1.21421\n",
       "\n",
       ";;; … \n",
       "\n",
       "[:, :, 9, 18, 1] =\n",
       " -1.56756  -1.56089   -1.55543   -1.55062   …  -1.92662  -1.94447  -1.96233\n",
       " -1.53066  -1.5234    -1.5174    -1.51207      -1.90462  -1.92307  -1.94152\n",
       " -1.49377  -1.48592   -1.47936   -1.47353      -1.88261  -1.90166  -1.92072\n",
       " -1.45687  -1.44843   -1.44133   -1.43498      -1.86061  -1.88026  -1.89991\n",
       " -1.41997  -1.41095   -1.4033    -1.39643      -1.8386   -1.85885  -1.8791\n",
       " -1.38307  -1.37346   -1.36526   -1.35788   …  -1.8166   -1.83745  -1.8583\n",
       " -1.34618  -1.33598   -1.32723   -1.31933      -1.7946   -1.81605  -1.8375\n",
       " -1.30928  -1.29849   -1.2892    -1.28078      -1.77259  -1.79464  -1.8167\n",
       " -1.27238  -1.26101   -1.25117   -1.24223      -1.75059  -1.77325  -1.7959\n",
       " -1.23548  -1.22352   -1.21313   -1.20368      -1.72859  -1.75185  -1.7751\n",
       "  ⋮                                         ⋱                      \n",
       " -1.00564  -0.972004  -0.938841  -0.90619      -1.25244  -1.29318  -1.33393\n",
       " -1.0289   -0.995925  -0.963444  -0.931503     -1.25157  -1.29237  -1.33318\n",
       " -1.05307  -1.02074   -0.98894   -0.957702     -1.25158  -1.29239  -1.33319\n",
       " -1.07808  -1.0464    -1.01527   -0.984729     -1.25251  -1.29325  -1.33399\n",
       " -1.10389  -1.07285   -1.04239   -1.01253   …  -1.25434  -1.29493  -1.33552\n",
       " -1.13045  -1.10005   -1.07023   -1.04104      -1.25705  -1.29744  -1.33784\n",
       " -1.15772  -1.12794   -1.09877   -1.07023      -1.26078  -1.30091  -1.34104\n",
       " -1.18565  -1.15649   -1.12794   -1.10005      -1.26535  -1.30514  -1.34494\n",
       " -1.21421  -1.18565   -1.15772   -1.13045      -1.27141  -1.31083  -1.35024\n",
       "\n",
       "[:, :, 10, 18, 1] =\n",
       " -1.8433   -1.83675   -1.83155   -1.82709   …  -2.00948  -2.02322  -2.03697\n",
       " -1.80954  -1.80234   -1.79649   -1.79139      -1.98446  -1.99881  -2.01315\n",
       " -1.77577  -1.76792   -1.76143   -1.75569      -1.95945  -1.9744   -1.98934\n",
       " -1.74201  -1.73351   -1.72637   -1.72         -1.93444  -1.94998  -1.96553\n",
       " -1.70824  -1.69909   -1.69131   -1.6843       -1.90943  -1.92557  -1.94171\n",
       " -1.67448  -1.66468   -1.65625   -1.64861   …  -1.88442  -1.90116  -1.9179\n",
